X: 25 Y: 1 Size: 25
Moves: 193827599
Time: 3914681.56 ms
-1 460 513 450 429 386 423 318 349 288 259 232 199 146 177 -1 125 144 79 94 91 70 77 42 1 
514 451 430 459 424 319 350 387 260 317 200 287 178 231 126 145 128 95 92 71 78 43 2 69 -1 
-1 512 461 428 449 388 385 422 315 348 289 258 233 198 147 176 97 124 143 80 93 90 67 76 41 
-1 515 452 431 458 425 320 351 290 261 316 201 286 179 230 127 142 129 96 89 72 75 44 3 68 
517 490 511 462 427 448 389 384 421 314 347 284 257 234 197 148 175 98 123 74 81 66 5 40 -1 
-1 -1 516 453 432 457 426 321 352 291 262 235 202 285 180 229 100 141 130 83 88 73 38 45 4 
491 518 489 510 463 418 447 390 383 420 313 346 283 256 171 196 149 174 99 122 65 82 47 6 39 
-1 545 -1 465 454 433 456 419 322 353 292 263 236 203 228 181 172 101 140 131 84 87 8 37 46 
-1 492 519 488 509 464 417 446 391 382 345 312 255 282 183 170 195 150 173 86 121 64 35 48 7 
546 -1 544 -1 466 455 434 393 380 323 354 293 264 237 204 227 182 139 102 119 132 85 50 9 36 
-1 -1 493 520 487 508 395 416 445 392 381 344 311 254 281 184 169 194 151 134 63 120 11 34 49 
-1 547 522 543 -1 467 444 435 394 379 324 355 294 265 238 205 226 153 138 103 118 133 32 51 10 
-1 562 -1 494 521 486 507 396 415 398 357 296 343 310 253 280 185 168 193 152 135 62 53 12 33 
-1 593 548 523 542 -1 468 443 436 359 378 325 356 295 266 239 206 225 154 137 104 117 14 31 52 
563 -1 561 -1 495 506 485 438 397 414 399 358 297 342 309 252 279 186 167 192 61 136 29 54 13 
594 -1 592 549 524 541 442 469 412 437 360 377 326 307 278 267 240 207 224 155 116 105 56 15 30 
591 564 551 560 539 496 505 484 439 362 413 400 341 298 269 308 251 222 187 166 191 60 17 28 55 
-1 595 590 -1 550 525 540 441 470 411 402 361 376 327 306 277 268 241 208 223 156 115 106 57 16 
589 572 565 552 559 538 497 504 483 440 363 374 401 340 299 270 243 250 221 188 165 190 59 18 27 
596 581 558 571 536 503 526 481 410 471 372 403 338 375 328 305 276 219 242 209 114 157 20 107 58 
579 588 573 566 553 528 537 498 473 482 405 364 373 330 339 300 271 244 249 220 189 164 109 26 19 
582 575 580 557 570 535 502 527 480 409 472 371 404 337 304 329 248 275 218 163 210 113 158 21 108 
587 578 585 574 567 554 529 532 499 474 477 406 365 368 331 334 301 272 245 212 215 160 23 110 25 
576 583 -1 569 556 531 534 501 476 479 408 367 370 333 336 303 274 247 214 217 162 211 112 159 22 
-1 586 577 584 -1 568 555 530 533 500 475 478 407 366 369 332 335 302 273 246 213 216 161 24 111 
